# Chunk-averaged data for fix ave_density and group all
# Timestep Number-of-chunks Total-count
# Chunk Coord1 Ncount density/number
7000 300 2532
  1 0.05 8 0.8
  2 0.15 7 0.7
  3 0.25 7 0.7
  4 0.35 11 1.1
  5 0.45 8 0.8
  6 0.55 8 0.8
  7 0.65 11 1.1
  8 0.75 9 0.9
  9 0.85 10 1
  10 0.95 7 0.7
  11 1.05 6 0.6
  12 1.15 5 0.5
  13 1.25 10 1
  14 1.35 10 1
  15 1.45 9 0.9
  16 1.55 11 1.1
  17 1.65 8 0.8
  18 1.75 5 0.5
  19 1.85 9 0.9
  20 1.95 4 0.4
  21 2.05 11 1.1
  22 2.15 11 1.1
  23 2.25 9 0.9
  24 2.35 11 1.1
  25 2.45 6 0.6
  26 2.55 12 1.2
  27 2.65 6 0.6
  28 2.75 3 0.3
  29 2.85 8 0.8
  30 2.95 13 1.3
  31 3.05 10 1
  32 3.15 18 1.8
  33 3.25 4 0.4
  34 3.35 5 0.5
  35 3.45 9 0.9
  36 3.55 4 0.4
  37 3.65 6 0.6
  38 3.75 8 0.8
  39 3.85 7 0.7
  40 3.95 12 1.2
  41 4.05 13 1.3
  42 4.15 8 0.8
  43 4.25 8 0.8
  44 4.35 8 0.8
  45 4.45 3 0.3
  46 4.55 9 0.9
  47 4.65 7 0.7
  48 4.75 10 1
  49 4.85 8 0.8
  50 4.95 13 1.3
  51 5.05 10 1
  52 5.15 8 0.8
  53 5.25 8 0.8
  54 5.35 6 0.6
  55 5.45 10 1
  56 5.55 4 0.4
  57 5.65 10 1
  58 5.75 5 0.5
  59 5.85 13 1.3
  60 5.95 9 0.9
  61 6.05 14 1.4
  62 6.15 7 0.7
  63 6.25 6 0.6
  64 6.35 2 0.2
  65 6.45 10 1
  66 6.55 7 0.7
  67 6.65 12 1.2
  68 6.75 13 1.3
  69 6.85 9 0.9
  70 6.95 12 1.2
  71 7.05 8 0.8
  72 7.15 4 0.4
  73 7.25 4 0.4
  74 7.35 3 0.3
  75 7.45 13 1.3
  76 7.55 11 1.1
  77 7.65 11 1.1
  78 7.75 12 1.2
  79 7.85 7 0.7
  80 7.95 9 0.9
  81 8.05 8 0.8
  82 8.15 6 0.6
  83 8.25 6 0.6
  84 8.35 15 1.5
  85 8.45 10 1
  86 8.55 6 0.6
  87 8.65 10 1
  88 8.75 8 0.8
  89 8.85 10 1
  90 8.95 8 0.8
  91 9.05 7 0.7
  92 9.15 6 0.6
  93 9.25 11 1.1
  94 9.35 8 0.8
  95 9.45 9 0.9
  96 9.55 10 1
  97 9.65 8 0.8
  98 9.75 11 1.1
  99 9.85 9 0.9
  100 9.95 4 0.4
  101 10.05 7 0.7
  102 10.15 5 0.5
  103 10.25 15 1.5
  104 10.35 8 0.8
  105 10.45 8 0.8
  106 10.55 9 0.9
  107 10.65 10 1
  108 10.75 5 0.5
  109 10.85 11 1.1
  110 10.95 9 0.9
  111 11.05 8 0.8
  112 11.15 5 0.5
  113 11.25 10 1
  114 11.35 8 0.8
  115 11.45 7 0.7
  116 11.55 12 1.2
  117 11.65 11 1.1
  118 11.75 6 0.6
  119 11.85 5 0.5
  120 11.95 7 0.7
  121 12.05 9 0.9
  122 12.15 10 1
  123 12.25 9 0.9
  124 12.35 10 1
  125 12.45 7 0.7
  126 12.55 10 1
  127 12.65 7 0.7
  128 12.75 7 0.7
  129 12.85 6 0.6
  130 12.95 4 0.4
  131 13.05 13 1.3
  132 13.15 14 1.4
  133 13.25 9 0.9
  134 13.35 9 0.9
  135 13.45 4 0.4
  136 13.55 9 0.9
  137 13.65 6 0.6
  138 13.75 6 0.6
  139 13.85 4 0.4
  140 13.95 12 1.2
  141 14.05 12 1.2
  142 14.15 11 1.1
  143 14.25 5 0.5
  144 14.35 9 0.9
  145 14.45 12 1.2
  146 14.55 6 0.6
  147 14.65 6 0.6
  148 14.75 6 0.6
  149 14.85 9 0.9
  150 14.95 11 1.1
  151 15.05 8 0.8
  152 15.15 11 1.1
  153 15.25 5 0.5
  154 15.35 9 0.9
  155 15.45 9 0.9
  156 15.55 7 0.7
  157 15.65 9 0.9
  158 15.75 10 1
  159 15.85 8 0.8
  160 15.95 11 1.1
  161 16.05 6 0.6
  162 16.15 4 0.4
  163 16.25 11 1.1
  164 16.35 5 0.5
  165 16.45 9 0.9
  166 16.55 13 1.3
  167 16.65 9 0.9
  168 16.75 12 1.2
  169 16.85 4 0.4
  170 16.95 10 1
  171 17.05 6 0.6
  172 17.15 10 1
  173 17.25 6 0.6
  174 17.35 12 1.2
  175 17.45 10 1
  176 17.55 11 1.1
  177 17.65 9 0.9
  178 17.75 7 0.7
  179 17.85 9 0.9
  180 17.95 8 0.8
  181 18.05 7 0.7
  182 18.15 10 1
  183 18.25 7 0.7
  184 18.35 5 0.5
  185 18.45 7 0.7
  186 18.55 12 1.2
  187 18.65 6 0.6
  188 18.75 9 0.9
  189 18.85 8 0.8
  190 18.95 6 0.6
  191 19.05 14 1.4
  192 19.15 12 1.2
  193 19.25 6 0.6
  194 19.35 8 0.8
  195 19.45 6 0.6
  196 19.55 7 0.7
  197 19.65 4 0.4
  198 19.75 5 0.5
  199 19.85 15 1.5
  200 19.95 12 1.2
  201 20.05 9 0.9
  202 20.15 8 0.8
  203 20.25 9 0.9
  204 20.35 11 1.1
  205 20.45 7 0.7
  206 20.55 8 0.8
  207 20.65 7 0.7
  208 20.75 9 0.9
  209 20.85 7 0.7
  210 20.95 4 0.4
  211 21.05 14 1.4
  212 21.15 15 1.5
  213 21.25 8 0.8
  214 21.35 5 0.5
  215 21.45 4 0.4
  216 21.55 9 0.9
  217 21.65 10 1
  218 21.75 8 0.8
  219 21.85 7 0.7
  220 21.95 10 1
  221 22.05 7 0.7
  222 22.15 9 0.9
  223 22.25 10 1
  224 22.35 7 0.7
  225 22.45 11 1.1
  226 22.55 4 0.4
  227 22.65 5 0.5
  228 22.75 10 1
  229 22.85 16 1.6
  230 22.95 7 0.7
  231 23.05 9 0.9
  232 23.15 7 0.7
  233 23.25 10 1
  234 23.35 5 0.5
  235 23.45 12 1.2
  236 23.55 8 0.8
  237 23.65 7 0.7
  238 23.75 7 0.7
  239 23.85 7 0.7
  240 23.95 9 0.9
  241 24.05 11 1.1
  242 24.15 11 1.1
  243 24.25 7 0.7
  244 24.35 5 0.5
  245 24.45 9 0.9
  246 24.55 9 0.9
  247 24.65 4 0.4
  248 24.75 10 1
  249 24.85 5 0.5
  250 24.95 11 1.1
  251 25.05 13 1.3
  252 25.15 6 0.6
  253 25.25 6 0.6
  254 25.35 6 0.6
  255 25.45 10 1
  256 25.55 10 1
  257 25.65 10 1
  258 25.75 5 0.5
  259 25.85 10 1
  260 25.95 8 0.8
  261 26.05 11 1.1
  262 26.15 10 1
  263 26.25 6 0.6
  264 26.35 4 0.4
  265 26.45 10 1
  266 26.55 10 1
  267 26.65 9 0.9
  268 26.75 9 0.9
  269 26.85 11 1.1
  270 26.95 7 0.7
  271 27.05 10 1
  272 27.15 7 0.7
  273 27.25 7 0.7
  274 27.35 6 0.6
  275 27.45 6 0.6
  276 27.55 13 1.3
  277 27.65 10 1
  278 27.75 9 0.9
  279 27.85 7 0.7
  280 27.95 10 1
  281 28.05 6 0.6
  282 28.15 9 0.9
  283 28.25 11 1.1
  284 28.35 7 0.7
  285 28.45 6 0.6
  286 28.55 8 0.8
  287 28.65 7 0.7
  288 28.75 12 1.2
  289 28.85 9 0.9
  290 28.95 4 0.4
  291 29.05 8 0.8
  292 29.15 9 0.9
  293 29.25 8 0.8
  294 29.35 8 0.8
  295 29.45 8 0.8
  296 29.55 8 0.8
  297 29.65 11 1.1
  298 29.75 12 1.2
  299 29.85 6 0.6
  300 29.95 9 0.9
8000 300 2532
  1 0.05 8 0.8
  2 0.15 7 0.7
  3 0.25 7 0.7
  4 0.35 11 1.1
  5 0.45 8 0.8
  6 0.55 8 0.8
  7 0.65 11 1.1
  8 0.75 9 0.9
  9 0.85 10 1
  10 0.95 7 0.7
  11 1.05 6 0.6
  12 1.15 5 0.5
  13 1.25 10 1
  14 1.35 10 1
  15 1.45 9 0.9
  16 1.55 11 1.1
  17 1.65 8 0.8
  18 1.75 5 0.5
  19 1.85 9 0.9
  20 1.95 4 0.4
  21 2.05 11 1.1
  22 2.15 11 1.1
  23 2.25 9 0.9
  24 2.35 11 1.1
  25 2.45 6 0.6
  26 2.55 12 1.2
  27 2.65 6 0.6
  28 2.75 3 0.3
  29 2.85 8 0.8
  30 2.95 13 1.3
  31 3.05 10 1
  32 3.15 18 1.8
  33 3.25 4 0.4
  34 3.35 5 0.5
  35 3.45 9 0.9
  36 3.55 4 0.4
  37 3.65 6 0.6
  38 3.75 8 0.8
  39 3.85 7 0.7
  40 3.95 12 1.2
  41 4.05 13 1.3
  42 4.15 8 0.8
  43 4.25 8 0.8
  44 4.35 8 0.8
  45 4.45 3 0.3
  46 4.55 9 0.9
  47 4.65 7 0.7
  48 4.75 10 1
  49 4.85 8 0.8
  50 4.95 13 1.3
  51 5.05 10 1
  52 5.15 8 0.8
  53 5.25 8 0.8
  54 5.35 6 0.6
  55 5.45 10 1
  56 5.55 4 0.4
  57 5.65 10 1
  58 5.75 5 0.5
  59 5.85 13 1.3
  60 5.95 9 0.9
  61 6.05 14 1.4
  62 6.15 7 0.7
  63 6.25 6 0.6
  64 6.35 2 0.2
  65 6.45 10 1
  66 6.55 7 0.7
  67 6.65 12 1.2
  68 6.75 13 1.3
  69 6.85 9 0.9
  70 6.95 12 1.2
  71 7.05 8 0.8
  72 7.15 4 0.4
  73 7.25 4 0.4
  74 7.35 3 0.3
  75 7.45 13 1.3
  76 7.55 11 1.1
  77 7.65 11 1.1
  78 7.75 12 1.2
  79 7.85 7 0.7
  80 7.95 9 0.9
  81 8.05 8 0.8
  82 8.15 6 0.6
  83 8.25 6 0.6
  84 8.35 15 1.5
  85 8.45 10 1
  86 8.55 6 0.6
  87 8.65 10 1
  88 8.75 8 0.8
  89 8.85 10 1
  90 8.95 8 0.8
  91 9.05 7 0.7
  92 9.15 6 0.6
  93 9.25 11 1.1
  94 9.35 8 0.8
  95 9.45 9 0.9
  96 9.55 10 1
  97 9.65 8 0.8
  98 9.75 11 1.1
  99 9.85 9 0.9
  100 9.95 4 0.4
  101 10.05 7 0.7
  102 10.15 5 0.5
  103 10.25 15 1.5
  104 10.35 8 0.8
  105 10.45 8 0.8
  106 10.55 9 0.9
  107 10.65 10 1
  108 10.75 5 0.5
  109 10.85 11 1.1
  110 10.95 9 0.9
  111 11.05 8 0.8
  112 11.15 5 0.5
  113 11.25 10 1
  114 11.35 8 0.8
  115 11.45 7 0.7
  116 11.55 12 1.2
  117 11.65 11 1.1
  118 11.75 6 0.6
  119 11.85 5 0.5
  120 11.95 7 0.7
  121 12.05 9 0.9
  122 12.15 10 1
  123 12.25 9 0.9
  124 12.35 10 1
  125 12.45 7 0.7
  126 12.55 10 1
  127 12.65 7 0.7
  128 12.75 7 0.7
  129 12.85 6 0.6
  130 12.95 4 0.4
  131 13.05 13 1.3
  132 13.15 14 1.4
  133 13.25 9 0.9
  134 13.35 9 0.9
  135 13.45 4 0.4
  136 13.55 9 0.9
  137 13.65 6 0.6
  138 13.75 6 0.6
  139 13.85 4 0.4
  140 13.95 12 1.2
  141 14.05 12 1.2
  142 14.15 11 1.1
  143 14.25 5 0.5
  144 14.35 9 0.9
  145 14.45 12 1.2
  146 14.55 6 0.6
  147 14.65 6 0.6
  148 14.75 6 0.6
  149 14.85 9 0.9
  150 14.95 11 1.1
  151 15.05 8 0.8
  152 15.15 11 1.1
  153 15.25 5 0.5
  154 15.35 9 0.9
  155 15.45 9 0.9
  156 15.55 7 0.7
  157 15.65 9 0.9
  158 15.75 10 1
  159 15.85 8 0.8
  160 15.95 11 1.1
  161 16.05 6 0.6
  162 16.15 4 0.4
  163 16.25 11 1.1
  164 16.35 5 0.5
  165 16.45 9 0.9
  166 16.55 13 1.3
  167 16.65 9 0.9
  168 16.75 12 1.2
  169 16.85 4 0.4
  170 16.95 10 1
  171 17.05 6 0.6
  172 17.15 10 1
  173 17.25 6 0.6
  174 17.35 12 1.2
  175 17.45 10 1
  176 17.55 11 1.1
  177 17.65 9 0.9
  178 17.75 7 0.7
  179 17.85 9 0.9
  180 17.95 8 0.8
  181 18.05 7 0.7
  182 18.15 10 1
  183 18.25 7 0.7
  184 18.35 5 0.5
  185 18.45 7 0.7
  186 18.55 12 1.2
  187 18.65 6 0.6
  188 18.75 9 0.9
  189 18.85 8 0.8
  190 18.95 6 0.6
  191 19.05 14 1.4
  192 19.15 12 1.2
  193 19.25 6 0.6
  194 19.35 8 0.8
  195 19.45 6 0.6
  196 19.55 7 0.7
  197 19.65 4 0.4
  198 19.75 5 0.5
  199 19.85 15 1.5
  200 19.95 12 1.2
  201 20.05 9 0.9
  202 20.15 8 0.8
  203 20.25 9 0.9
  204 20.35 11 1.1
  205 20.45 7 0.7
  206 20.55 8 0.8
  207 20.65 7 0.7
  208 20.75 9 0.9
  209 20.85 7 0.7
  210 20.95 4 0.4
  211 21.05 14 1.4
  212 21.15 15 1.5
  213 21.25 8 0.8
  214 21.35 5 0.5
  215 21.45 4 0.4
  216 21.55 9 0.9
  217 21.65 10 1
  218 21.75 8 0.8
  219 21.85 7 0.7
  220 21.95 10 1
  221 22.05 7 0.7
  222 22.15 9 0.9
  223 22.25 10 1
  224 22.35 7 0.7
  225 22.45 11 1.1
  226 22.55 4 0.4
  227 22.65 5 0.5
  228 22.75 10 1
  229 22.85 16 1.6
  230 22.95 7 0.7
  231 23.05 9 0.9
  232 23.15 7 0.7
  233 23.25 10 1
  234 23.35 5 0.5
  235 23.45 12 1.2
  236 23.55 8 0.8
  237 23.65 7 0.7
  238 23.75 7 0.7
  239 23.85 7 0.7
  240 23.95 9 0.9
  241 24.05 11 1.1
  242 24.15 11 1.1
  243 24.25 7 0.7
  244 24.35 5 0.5
  245 24.45 9 0.9
  246 24.55 9 0.9
  247 24.65 4 0.4
  248 24.75 10 1
  249 24.85 5 0.5
  250 24.95 11 1.1
  251 25.05 13 1.3
  252 25.15 6 0.6
  253 25.25 6 0.6
  254 25.35 6 0.6
  255 25.45 10 1
  256 25.55 10 1
  257 25.65 10 1
  258 25.75 5 0.5
  259 25.85 10 1
  260 25.95 8 0.8
  261 26.05 11 1.1
  262 26.15 10 1
  263 26.25 6 0.6
  264 26.35 4 0.4
  265 26.45 10 1
  266 26.55 10 1
  267 26.65 9 0.9
  268 26.75 9 0.9
  269 26.85 11 1.1
  270 26.95 7 0.7
  271 27.05 10 1
  272 27.15 7 0.7
  273 27.25 7 0.7
  274 27.35 6 0.6
  275 27.45 6 0.6
  276 27.55 13 1.3
  277 27.65 10 1
  278 27.75 9 0.9
  279 27.85 7 0.7
  280 27.95 10 1
  281 28.05 6 0.6
  282 28.15 9 0.9
  283 28.25 11 1.1
  284 28.35 7 0.7
  285 28.45 6 0.6
  286 28.55 8 0.8
  287 28.65 7 0.7
  288 28.75 12 1.2
  289 28.85 9 0.9
  290 28.95 4 0.4
  291 29.05 8 0.8
  292 29.15 9 0.9
  293 29.25 8 0.8
  294 29.35 8 0.8
  295 29.45 8 0.8
  296 29.55 8 0.8
  297 29.65 11 1.1
  298 29.75 12 1.2
  299 29.85 6 0.6
  300 29.95 9 0.9
9000 300 2532
  1 0.05 8 0.8
  2 0.15 7 0.7
  3 0.25 7 0.7
  4 0.35 11 1.1
  5 0.45 8 0.8
  6 0.55 8 0.8
  7 0.65 11 1.1
  8 0.75 9 0.9
  9 0.85 10 1
  10 0.95 7 0.7
  11 1.05 6 0.6
  12 1.15 5 0.5
  13 1.25 10 1
  14 1.35 10 1
  15 1.45 9 0.9
  16 1.55 11 1.1
  17 1.65 8 0.8
  18 1.75 5 0.5
  19 1.85 9 0.9
  20 1.95 4 0.4
  21 2.05 11 1.1
  22 2.15 11 1.1
  23 2.25 9 0.9
  24 2.35 11 1.1
  25 2.45 6 0.6
  26 2.55 12 1.2
  27 2.65 6 0.6
  28 2.75 3 0.3
  29 2.85 8 0.8
  30 2.95 13 1.3
  31 3.05 10 1
  32 3.15 18 1.8
  33 3.25 4 0.4
  34 3.35 5 0.5
  35 3.45 9 0.9
  36 3.55 4 0.4
  37 3.65 6 0.6
  38 3.75 8 0.8
  39 3.85 7 0.7
  40 3.95 12 1.2
  41 4.05 13 1.3
  42 4.15 8 0.8
  43 4.25 8 0.8
  44 4.35 8 0.8
  45 4.45 3 0.3
  46 4.55 9 0.9
  47 4.65 7 0.7
  48 4.75 10 1
  49 4.85 8 0.8
  50 4.95 13 1.3
  51 5.05 10 1
  52 5.15 8 0.8
  53 5.25 8 0.8
  54 5.35 6 0.6
  55 5.45 10 1
  56 5.55 4 0.4
  57 5.65 10 1
  58 5.75 5 0.5
  59 5.85 13 1.3
  60 5.95 9 0.9
  61 6.05 14 1.4
  62 6.15 7 0.7
  63 6.25 6 0.6
  64 6.35 2 0.2
  65 6.45 10 1
  66 6.55 7 0.7
  67 6.65 12 1.2
  68 6.75 13 1.3
  69 6.85 9 0.9
  70 6.95 12 1.2
  71 7.05 8 0.8
  72 7.15 4 0.4
  73 7.25 4 0.4
  74 7.35 3 0.3
  75 7.45 13 1.3
  76 7.55 11 1.1
  77 7.65 11 1.1
  78 7.75 12 1.2
  79 7.85 7 0.7
  80 7.95 9 0.9
  81 8.05 8 0.8
  82 8.15 6 0.6
  83 8.25 6 0.6
  84 8.35 15 1.5
  85 8.45 10 1
  86 8.55 6 0.6
  87 8.65 10 1
  88 8.75 8 0.8
  89 8.85 10 1
  90 8.95 8 0.8
  91 9.05 7 0.7
  92 9.15 6 0.6
  93 9.25 11 1.1
  94 9.35 8 0.8
  95 9.45 9 0.9
  96 9.55 10 1
  97 9.65 8 0.8
  98 9.75 11 1.1
  99 9.85 9 0.9
  100 9.95 4 0.4
  101 10.05 7 0.7
  102 10.15 5 0.5
  103 10.25 15 1.5
  104 10.35 8 0.8
  105 10.45 8 0.8
  106 10.55 9 0.9
  107 10.65 10 1
  108 10.75 5 0.5
  109 10.85 11 1.1
  110 10.95 9 0.9
  111 11.05 8 0.8
  112 11.15 5 0.5
  113 11.25 10 1
  114 11.35 8 0.8
  115 11.45 7 0.7
  116 11.55 12 1.2
  117 11.65 11 1.1
  118 11.75 6 0.6
  119 11.85 5 0.5
  120 11.95 7 0.7
  121 12.05 9 0.9
  122 12.15 10 1
  123 12.25 9 0.9
  124 12.35 10 1
  125 12.45 7 0.7
  126 12.55 10 1
  127 12.65 7 0.7
  128 12.75 7 0.7
  129 12.85 6 0.6
  130 12.95 4 0.4
  131 13.05 13 1.3
  132 13.15 14 1.4
  133 13.25 9 0.9
  134 13.35 9 0.9
  135 13.45 4 0.4
  136 13.55 9 0.9
  137 13.65 6 0.6
  138 13.75 6 0.6
  139 13.85 4 0.4
  140 13.95 12 1.2
  141 14.05 12 1.2
  142 14.15 11 1.1
  143 14.25 5 0.5
  144 14.35 9 0.9
  145 14.45 12 1.2
  146 14.55 6 0.6
  147 14.65 6 0.6
  148 14.75 6 0.6
  149 14.85 9 0.9
  150 14.95 11 1.1
  151 15.05 8 0.8
  152 15.15 11 1.1
  153 15.25 5 0.5
  154 15.35 9 0.9
  155 15.45 9 0.9
  156 15.55 7 0.7
  157 15.65 9 0.9
  158 15.75 10 1
  159 15.85 8 0.8
  160 15.95 11 1.1
  161 16.05 6 0.6
  162 16.15 4 0.4
  163 16.25 11 1.1
  164 16.35 5 0.5
  165 16.45 9 0.9
  166 16.55 13 1.3
  167 16.65 9 0.9
  168 16.75 12 1.2
  169 16.85 4 0.4
  170 16.95 10 1
  171 17.05 6 0.6
  172 17.15 10 1
  173 17.25 6 0.6
  174 17.35 12 1.2
  175 17.45 10 1
  176 17.55 11 1.1
  177 17.65 9 0.9
  178 17.75 7 0.7
  179 17.85 9 0.9
  180 17.95 8 0.8
  181 18.05 7 0.7
  182 18.15 10 1
  183 18.25 7 0.7
  184 18.35 5 0.5
  185 18.45 7 0.7
  186 18.55 12 1.2
  187 18.65 6 0.6
  188 18.75 9 0.9
  189 18.85 8 0.8
  190 18.95 6 0.6
  191 19.05 14 1.4
  192 19.15 12 1.2
  193 19.25 6 0.6
  194 19.35 8 0.8
  195 19.45 6 0.6
  196 19.55 7 0.7
  197 19.65 4 0.4
  198 19.75 5 0.5
  199 19.85 15 1.5
  200 19.95 12 1.2
  201 20.05 9 0.9
  202 20.15 8 0.8
  203 20.25 9 0.9
  204 20.35 11 1.1
  205 20.45 7 0.7
  206 20.55 8 0.8
  207 20.65 7 0.7
  208 20.75 9 0.9
  209 20.85 7 0.7
  210 20.95 4 0.4
  211 21.05 14 1.4
  212 21.15 15 1.5
  213 21.25 8 0.8
  214 21.35 5 0.5
  215 21.45 4 0.4
  216 21.55 9 0.9
  217 21.65 10 1
  218 21.75 8 0.8
  219 21.85 7 0.7
  220 21.95 10 1
  221 22.05 7 0.7
  222 22.15 9 0.9
  223 22.25 10 1
  224 22.35 7 0.7
  225 22.45 11 1.1
  226 22.55 4 0.4
  227 22.65 5 0.5
  228 22.75 10 1
  229 22.85 16 1.6
  230 22.95 7 0.7
  231 23.05 9 0.9
  232 23.15 7 0.7
  233 23.25 10 1
  234 23.35 5 0.5
  235 23.45 12 1.2
  236 23.55 8 0.8
  237 23.65 7 0.7
  238 23.75 7 0.7
  239 23.85 7 0.7
  240 23.95 9 0.9
  241 24.05 11 1.1
  242 24.15 11 1.1
  243 24.25 7 0.7
  244 24.35 5 0.5
  245 24.45 9 0.9
  246 24.55 9 0.9
  247 24.65 4 0.4
  248 24.75 10 1
  249 24.85 5 0.5
  250 24.95 11 1.1
  251 25.05 13 1.3
  252 25.15 6 0.6
  253 25.25 6 0.6
  254 25.35 6 0.6
  255 25.45 10 1
  256 25.55 10 1
  257 25.65 10 1
  258 25.75 5 0.5
  259 25.85 10 1
  260 25.95 8 0.8
  261 26.05 11 1.1
  262 26.15 10 1
  263 26.25 6 0.6
  264 26.35 4 0.4
  265 26.45 10 1
  266 26.55 10 1
  267 26.65 9 0.9
  268 26.75 9 0.9
  269 26.85 11 1.1
  270 26.95 7 0.7
  271 27.05 10 1
  272 27.15 7 0.7
  273 27.25 7 0.7
  274 27.35 6 0.6
  275 27.45 6 0.6
  276 27.55 13 1.3
  277 27.65 10 1
  278 27.75 9 0.9
  279 27.85 7 0.7
  280 27.95 10 1
  281 28.05 6 0.6
  282 28.15 9 0.9
  283 28.25 11 1.1
  284 28.35 7 0.7
  285 28.45 6 0.6
  286 28.55 8 0.8
  287 28.65 7 0.7
  288 28.75 12 1.2
  289 28.85 9 0.9
  290 28.95 4 0.4
  291 29.05 8 0.8
  292 29.15 9 0.9
  293 29.25 8 0.8
  294 29.35 8 0.8
  295 29.45 8 0.8
  296 29.55 8 0.8
  297 29.65 11 1.1
  298 29.75 12 1.2
  299 29.85 6 0.6
  300 29.95 9 0.9
10000 300 2532
  1 0.05 8 0.8
  2 0.15 7 0.7
  3 0.25 7 0.7
  4 0.35 11 1.1
  5 0.45 8 0.8
  6 0.55 8 0.8
  7 0.65 11 1.1
  8 0.75 9 0.9
  9 0.85 10 1
  10 0.95 7 0.7
  11 1.05 6 0.6
  12 1.15 5 0.5
  13 1.25 10 1
  14 1.35 10 1
  15 1.45 9 0.9
  16 1.55 11 1.1
  17 1.65 8 0.8
  18 1.75 5 0.5
  19 1.85 9 0.9
  20 1.95 4 0.4
  21 2.05 11 1.1
  22 2.15 11 1.1
  23 2.25 9 0.9
  24 2.35 11 1.1
  25 2.45 6 0.6
  26 2.55 12 1.2
  27 2.65 6 0.6
  28 2.75 3 0.3
  29 2.85 8 0.8
  30 2.95 13 1.3
  31 3.05 10 1
  32 3.15 18 1.8
  33 3.25 4 0.4
  34 3.35 5 0.5
  35 3.45 9 0.9
  36 3.55 4 0.4
  37 3.65 6 0.6
  38 3.75 8 0.8
  39 3.85 7 0.7
  40 3.95 12 1.2
  41 4.05 13 1.3
  42 4.15 8 0.8
  43 4.25 8 0.8
  44 4.35 8 0.8
  45 4.45 3 0.3
  46 4.55 9 0.9
  47 4.65 7 0.7
  48 4.75 10 1
  49 4.85 8 0.8
  50 4.95 13 1.3
  51 5.05 10 1
  52 5.15 8 0.8
  53 5.25 8 0.8
  54 5.35 6 0.6
  55 5.45 10 1
  56 5.55 4 0.4
  57 5.65 10 1
  58 5.75 5 0.5
  59 5.85 13 1.3
  60 5.95 9 0.9
  61 6.05 14 1.4
  62 6.15 7 0.7
  63 6.25 6 0.6
  64 6.35 2 0.2
  65 6.45 10 1
  66 6.55 7 0.7
  67 6.65 12 1.2
  68 6.75 13 1.3
  69 6.85 9 0.9
  70 6.95 12 1.2
  71 7.05 8 0.8
  72 7.15 4 0.4
  73 7.25 4 0.4
  74 7.35 3 0.3
  75 7.45 13 1.3
  76 7.55 11 1.1
  77 7.65 11 1.1
  78 7.75 12 1.2
  79 7.85 7 0.7
  80 7.95 9 0.9
  81 8.05 8 0.8
  82 8.15 6 0.6
  83 8.25 6 0.6
  84 8.35 15 1.5
  85 8.45 10 1
  86 8.55 6 0.6
  87 8.65 10 1
  88 8.75 8 0.8
  89 8.85 10 1
  90 8.95 8 0.8
  91 9.05 7 0.7
  92 9.15 6 0.6
  93 9.25 11 1.1
  94 9.35 8 0.8
  95 9.45 9 0.9
  96 9.55 10 1
  97 9.65 8 0.8
  98 9.75 11 1.1
  99 9.85 9 0.9
  100 9.95 4 0.4
  101 10.05 7 0.7
  102 10.15 5 0.5
  103 10.25 15 1.5
  104 10.35 8 0.8
  105 10.45 8 0.8
  106 10.55 9 0.9
  107 10.65 10 1
  108 10.75 5 0.5
  109 10.85 11 1.1
  110 10.95 9 0.9
  111 11.05 8 0.8
  112 11.15 5 0.5
  113 11.25 10 1
  114 11.35 8 0.8
  115 11.45 7 0.7
  116 11.55 12 1.2
  117 11.65 11 1.1
  118 11.75 6 0.6
  119 11.85 5 0.5
  120 11.95 7 0.7
  121 12.05 9 0.9
  122 12.15 10 1
  123 12.25 9 0.9
  124 12.35 10 1
  125 12.45 7 0.7
  126 12.55 10 1
  127 12.65 7 0.7
  128 12.75 7 0.7
  129 12.85 6 0.6
  130 12.95 4 0.4
  131 13.05 13 1.3
  132 13.15 14 1.4
  133 13.25 9 0.9
  134 13.35 9 0.9
  135 13.45 4 0.4
  136 13.55 9 0.9
  137 13.65 6 0.6
  138 13.75 6 0.6
  139 13.85 4 0.4
  140 13.95 12 1.2
  141 14.05 12 1.2
  142 14.15 11 1.1
  143 14.25 5 0.5
  144 14.35 9 0.9
  145 14.45 12 1.2
  146 14.55 6 0.6
  147 14.65 6 0.6
  148 14.75 6 0.6
  149 14.85 9 0.9
  150 14.95 11 1.1
  151 15.05 8 0.8
  152 15.15 11 1.1
  153 15.25 5 0.5
  154 15.35 9 0.9
  155 15.45 9 0.9
  156 15.55 7 0.7
  157 15.65 9 0.9
  158 15.75 10 1
  159 15.85 8 0.8
  160 15.95 11 1.1
  161 16.05 6 0.6
  162 16.15 4 0.4
  163 16.25 11 1.1
  164 16.35 5 0.5
  165 16.45 9 0.9
  166 16.55 13 1.3
  167 16.65 9 0.9
  168 16.75 12 1.2
  169 16.85 4 0.4
  170 16.95 10 1
  171 17.05 6 0.6
  172 17.15 10 1
  173 17.25 6 0.6
  174 17.35 12 1.2
  175 17.45 10 1
  176 17.55 11 1.1
  177 17.65 9 0.9
  178 17.75 7 0.7
  179 17.85 9 0.9
  180 17.95 8 0.8
  181 18.05 7 0.7
  182 18.15 10 1
  183 18.25 7 0.7
  184 18.35 5 0.5
  185 18.45 7 0.7
  186 18.55 12 1.2
  187 18.65 6 0.6
  188 18.75 9 0.9
  189 18.85 8 0.8
  190 18.95 6 0.6
  191 19.05 14 1.4
  192 19.15 12 1.2
  193 19.25 6 0.6
  194 19.35 8 0.8
  195 19.45 6 0.6
  196 19.55 7 0.7
  197 19.65 4 0.4
  198 19.75 5 0.5
  199 19.85 15 1.5
  200 19.95 12 1.2
  201 20.05 9 0.9
  202 20.15 8 0.8
  203 20.25 9 0.9
  204 20.35 11 1.1
  205 20.45 7 0.7
  206 20.55 8 0.8
  207 20.65 7 0.7
  208 20.75 9 0.9
  209 20.85 7 0.7
  210 20.95 4 0.4
  211 21.05 14 1.4
  212 21.15 15 1.5
  213 21.25 8 0.8
  214 21.35 5 0.5
  215 21.45 4 0.4
  216 21.55 9 0.9
  217 21.65 10 1
  218 21.75 8 0.8
  219 21.85 7 0.7
  220 21.95 10 1
  221 22.05 7 0.7
  222 22.15 9 0.9
  223 22.25 10 1
  224 22.35 7 0.7
  225 22.45 11 1.1
  226 22.55 4 0.4
  227 22.65 5 0.5
  228 22.75 10 1
  229 22.85 16 1.6
  230 22.95 7 0.7
  231 23.05 9 0.9
  232 23.15 7 0.7
  233 23.25 10 1
  234 23.35 5 0.5
  235 23.45 12 1.2
  236 23.55 8 0.8
  237 23.65 7 0.7
  238 23.75 7 0.7
  239 23.85 7 0.7
  240 23.95 9 0.9
  241 24.05 11 1.1
  242 24.15 11 1.1
  243 24.25 7 0.7
  244 24.35 5 0.5
  245 24.45 9 0.9
  246 24.55 9 0.9
  247 24.65 4 0.4
  248 24.75 10 1
  249 24.85 5 0.5
  250 24.95 11 1.1
  251 25.05 13 1.3
  252 25.15 6 0.6
  253 25.25 6 0.6
  254 25.35 6 0.6
  255 25.45 10 1
  256 25.55 10 1
  257 25.65 10 1
  258 25.75 5 0.5
  259 25.85 10 1
  260 25.95 8 0.8
  261 26.05 11 1.1
  262 26.15 10 1
  263 26.25 6 0.6
  264 26.35 4 0.4
  265 26.45 10 1
  266 26.55 10 1
  267 26.65 9 0.9
  268 26.75 9 0.9
  269 26.85 11 1.1
  270 26.95 7 0.7
  271 27.05 10 1
  272 27.15 7 0.7
  273 27.25 7 0.7
  274 27.35 6 0.6
  275 27.45 6 0.6
  276 27.55 13 1.3
  277 27.65 10 1
  278 27.75 9 0.9
  279 27.85 7 0.7
  280 27.95 10 1
  281 28.05 6 0.6
  282 28.15 9 0.9
  283 28.25 11 1.1
  284 28.35 7 0.7
  285 28.45 6 0.6
  286 28.55 8 0.8
  287 28.65 7 0.7
  288 28.75 12 1.2
  289 28.85 9 0.9
  290 28.95 4 0.4
  291 29.05 8 0.8
  292 29.15 9 0.9
  293 29.25 8 0.8
  294 29.35 8 0.8
  295 29.45 8 0.8
  296 29.55 8 0.8
  297 29.65 11 1.1
  298 29.75 12 1.2
  299 29.85 6 0.6
  300 29.95 9 0.9
11000 300 2532
  1 0.05 8 0.8
  2 0.15 7 0.7
  3 0.25 7 0.7
  4 0.35 11 1.1
  5 0.45 8 0.8
  6 0.55 8 0.8
  7 0.65 11 1.1
  8 0.75 9 0.9
  9 0.85 10 1
  10 0.95 7 0.7
  11 1.05 6 0.6
  12 1.15 5 0.5
  13 1.25 10 1
  14 1.35 10 1
  15 1.45 9 0.9
  16 1.55 11 1.1
  17 1.65 8 0.8
  18 1.75 5 0.5
  19 1.85 9 0.9
  20 1.95 4 0.4
  21 2.05 11 1.1
  22 2.15 11 1.1
  23 2.25 9 0.9
  24 2.35 11 1.1
  25 2.45 6 0.6
  26 2.55 12 1.2
  27 2.65 6 0.6
  28 2.75 3 0.3
  29 2.85 8 0.8
  30 2.95 13 1.3
  31 3.05 10 1
  32 3.15 18 1.8
  33 3.25 4 0.4
  34 3.35 5 0.5
  35 3.45 9 0.9
  36 3.55 4 0.4
  37 3.65 6 0.6
  38 3.75 8 0.8
  39 3.85 7 0.7
  40 3.95 12 1.2
  41 4.05 13 1.3
  42 4.15 8 0.8
  43 4.25 8 0.8
  44 4.35 8 0.8
  45 4.45 3 0.3
  46 4.55 9 0.9
  47 4.65 7 0.7
  48 4.75 10 1
  49 4.85 8 0.8
  50 4.95 13 1.3
  51 5.05 10 1
  52 5.15 8 0.8
  53 5.25 8 0.8
  54 5.35 6 0.6
  55 5.45 10 1
  56 5.55 4 0.4
  57 5.65 10 1
  58 5.75 5 0.5
  59 5.85 13 1.3
  60 5.95 9 0.9
  61 6.05 14 1.4
  62 6.15 7 0.7
  63 6.25 6 0.6
  64 6.35 2 0.2
  65 6.45 10 1
  66 6.55 7 0.7
  67 6.65 12 1.2
  68 6.75 13 1.3
  69 6.85 9 0.9
  70 6.95 12 1.2
  71 7.05 8 0.8
  72 7.15 4 0.4
  73 7.25 4 0.4
  74 7.35 3 0.3
  75 7.45 13 1.3
  76 7.55 11 1.1
  77 7.65 11 1.1
  78 7.75 12 1.2
  79 7.85 7 0.7
  80 7.95 9 0.9
  81 8.05 8 0.8
  82 8.15 6 0.6
  83 8.25 6 0.6
  84 8.35 15 1.5
  85 8.45 10 1
  86 8.55 6 0.6
  87 8.65 10 1
  88 8.75 8 0.8
  89 8.85 10 1
  90 8.95 8 0.8
  91 9.05 7 0.7
  92 9.15 6 0.6
  93 9.25 11 1.1
  94 9.35 8 0.8
  95 9.45 9 0.9
  96 9.55 10 1
  97 9.65 8 0.8
  98 9.75 11 1.1
  99 9.85 9 0.9
  100 9.95 4 0.4
  101 10.05 7 0.7
  102 10.15 5 0.5
  103 10.25 15 1.5
  104 10.35 8 0.8
  105 10.45 8 0.8
  106 10.55 9 0.9
  107 10.65 10 1
  108 10.75 5 0.5
  109 10.85 11 1.1
  110 10.95 9 0.9
  111 11.05 8 0.8
  112 11.15 5 0.5
  113 11.25 10 1
  114 11.35 8 0.8
  115 11.45 7 0.7
  116 11.55 12 1.2
  117 11.65 11 1.1
  118 11.75 6 0.6
  119 11.85 5 0.5
  120 11.95 7 0.7
  121 12.05 9 0.9
  122 12.15 10 1
  123 12.25 9 0.9
  124 12.35 10 1
  125 12.45 7 0.7
  126 12.55 10 1
  127 12.65 7 0.7
  128 12.75 7 0.7
  129 12.85 6 0.6
  130 12.95 4 0.4
  131 13.05 13 1.3
  132 13.15 14 1.4
  133 13.25 9 0.9
  134 13.35 9 0.9
  135 13.45 4 0.4
  136 13.55 9 0.9
  137 13.65 6 0.6
  138 13.75 6 0.6
  139 13.85 4 0.4
  140 13.95 12 1.2
  141 14.05 12 1.2
  142 14.15 11 1.1
  143 14.25 5 0.5
  144 14.35 9 0.9
  145 14.45 12 1.2
  146 14.55 6 0.6
  147 14.65 6 0.6
  148 14.75 6 0.6
  149 14.85 9 0.9
  150 14.95 11 1.1
  151 15.05 8 0.8
  152 15.15 11 1.1
  153 15.25 5 0.5
  154 15.35 9 0.9
  155 15.45 9 0.9
  156 15.55 7 0.7
  157 15.65 9 0.9
  158 15.75 10 1
  159 15.85 8 0.8
  160 15.95 11 1.1
  161 16.05 6 0.6
  162 16.15 4 0.4
  163 16.25 11 1.1
  164 16.35 5 0.5
  165 16.45 9 0.9
  166 16.55 13 1.3
  167 16.65 9 0.9
  168 16.75 12 1.2
  169 16.85 4 0.4
  170 16.95 10 1
  171 17.05 6 0.6
  172 17.15 10 1
  173 17.25 6 0.6
  174 17.35 12 1.2
  175 17.45 10 1
  176 17.55 11 1.1
  177 17.65 9 0.9
  178 17.75 7 0.7
  179 17.85 9 0.9
  180 17.95 8 0.8
  181 18.05 7 0.7
  182 18.15 10 1
  183 18.25 7 0.7
  184 18.35 5 0.5
  185 18.45 7 0.7
  186 18.55 12 1.2
  187 18.65 6 0.6
  188 18.75 9 0.9
  189 18.85 8 0.8
  190 18.95 6 0.6
  191 19.05 14 1.4
  192 19.15 12 1.2
  193 19.25 6 0.6
  194 19.35 8 0.8
  195 19.45 6 0.6
  196 19.55 7 0.7
  197 19.65 4 0.4
  198 19.75 5 0.5
  199 19.85 15 1.5
  200 19.95 12 1.2
  201 20.05 9 0.9
  202 20.15 8 0.8
  203 20.25 9 0.9
  204 20.35 11 1.1
  205 20.45 7 0.7
  206 20.55 8 0.8
  207 20.65 7 0.7
  208 20.75 9 0.9
  209 20.85 7 0.7
  210 20.95 4 0.4
  211 21.05 14 1.4
  212 21.15 15 1.5
  213 21.25 8 0.8
  214 21.35 5 0.5
  215 21.45 4 0.4
  216 21.55 9 0.9
  217 21.65 10 1
  218 21.75 8 0.8
  219 21.85 7 0.7
  220 21.95 10 1
  221 22.05 7 0.7
  222 22.15 9 0.9
  223 22.25 10 1
  224 22.35 7 0.7
  225 22.45 11 1.1
  226 22.55 4 0.4
  227 22.65 5 0.5
  228 22.75 10 1
  229 22.85 16 1.6
  230 22.95 7 0.7
  231 23.05 9 0.9
  232 23.15 7 0.7
  233 23.25 10 1
  234 23.35 5 0.5
  235 23.45 12 1.2
  236 23.55 8 0.8
  237 23.65 7 0.7
  238 23.75 7 0.7
  239 23.85 7 0.7
  240 23.95 9 0.9
  241 24.05 11 1.1
  242 24.15 11 1.1
  243 24.25 7 0.7
  244 24.35 5 0.5
  245 24.45 9 0.9
  246 24.55 9 0.9
  247 24.65 4 0.4
  248 24.75 10 1
  249 24.85 5 0.5
  250 24.95 11 1.1
  251 25.05 13 1.3
  252 25.15 6 0.6
  253 25.25 6 0.6
  254 25.35 6 0.6
  255 25.45 10 1
  256 25.55 10 1
  257 25.65 10 1
  258 25.75 5 0.5
  259 25.85 10 1
  260 25.95 8 0.8
  261 26.05 11 1.1
  262 26.15 10 1
  263 26.25 6 0.6
  264 26.35 4 0.4
  265 26.45 10 1
  266 26.55 10 1
  267 26.65 9 0.9
  268 26.75 9 0.9
  269 26.85 11 1.1
  270 26.95 7 0.7
  271 27.05 10 1
  272 27.15 7 0.7
  273 27.25 7 0.7
  274 27.35 6 0.6
  275 27.45 6 0.6
  276 27.55 13 1.3
  277 27.65 10 1
  278 27.75 9 0.9
  279 27.85 7 0.7
  280 27.95 10 1
  281 28.05 6 0.6
  282 28.15 9 0.9
  283 28.25 11 1.1
  284 28.35 7 0.7
  285 28.45 6 0.6
  286 28.55 8 0.8
  287 28.65 7 0.7
  288 28.75 12 1.2
  289 28.85 9 0.9
  290 28.95 4 0.4
  291 29.05 8 0.8
  292 29.15 9 0.9
  293 29.25 8 0.8
  294 29.35 8 0.8
  295 29.45 8 0.8
  296 29.55 8 0.8
  297 29.65 11 1.1
  298 29.75 12 1.2
  299 29.85 6 0.6
  300 29.95 9 0.9
12000 300 2532
  1 0.05 8 0.8
  2 0.15 7 0.7
  3 0.25 7 0.7
  4 0.35 11 1.1
  5 0.45 8 0.8
  6 0.55 8 0.8
  7 0.65 11 1.1
  8 0.75 9 0.9
  9 0.85 10 1
  10 0.95 7 0.7
  11 1.05 6 0.6
  12 1.15 5 0.5
  13 1.25 10 1
  14 1.35 10 1
  15 1.45 9 0.9
  16 1.55 11 1.1
  17 1.65 8 0.8
  18 1.75 5 0.5
  19 1.85 9 0.9
  20 1.95 4 0.4
  21 2.05 11 1.1
  22 2.15 11 1.1
  23 2.25 9 0.9
  24 2.35 11 1.1
  25 2.45 6 0.6
  26 2.55 12 1.2
  27 2.65 6 0.6
  28 2.75 3 0.3
  29 2.85 8 0.8
  30 2.95 13 1.3
  31 3.05 10 1
  32 3.15 18 1.8
  33 3.25 4 0.4
  34 3.35 5 0.5
  35 3.45 9 0.9
  36 3.55 4 0.4
  37 3.65 6 0.6
  38 3.75 8 0.8
  39 3.85 7 0.7
  40 3.95 12 1.2
  41 4.05 13 1.3
  42 4.15 8 0.8
  43 4.25 8 0.8
  44 4.35 8 0.8
  45 4.45 3 0.3
  46 4.55 9 0.9
  47 4.65 7 0.7
  48 4.75 10 1
  49 4.85 8 0.8
  50 4.95 13 1.3
  51 5.05 10 1
  52 5.15 8 0.8
  53 5.25 8 0.8
  54 5.35 6 0.6
  55 5.45 10 1
  56 5.55 4 0.4
  57 5.65 10 1
  58 5.75 5 0.5
  59 5.85 13 1.3
  60 5.95 9 0.9
  61 6.05 14 1.4
  62 6.15 7 0.7
  63 6.25 6 0.6
  64 6.35 2 0.2
  65 6.45 10 1
  66 6.55 7 0.7
  67 6.65 12 1.2
  68 6.75 13 1.3
  69 6.85 9 0.9
  70 6.95 12 1.2
  71 7.05 8 0.8
  72 7.15 4 0.4
  73 7.25 4 0.4
  74 7.35 3 0.3
  75 7.45 13 1.3
  76 7.55 11 1.1
  77 7.65 11 1.1
  78 7.75 12 1.2
  79 7.85 7 0.7
  80 7.95 9 0.9
  81 8.05 8 0.8
  82 8.15 6 0.6
  83 8.25 6 0.6
  84 8.35 15 1.5
  85 8.45 10 1
  86 8.55 6 0.6
  87 8.65 10 1
  88 8.75 8 0.8
  89 8.85 10 1
  90 8.95 8 0.8
  91 9.05 7 0.7
  92 9.15 6 0.6
  93 9.25 11 1.1
  94 9.35 8 0.8
  95 9.45 9 0.9
  96 9.55 10 1
  97 9.65 8 0.8
  98 9.75 11 1.1
  99 9.85 9 0.9
  100 9.95 4 0.4
  101 10.05 7 0.7
  102 10.15 5 0.5
  103 10.25 15 1.5
  104 10.35 8 0.8
  105 10.45 8 0.8
  106 10.55 9 0.9
  107 10.65 10 1
  108 10.75 5 0.5
  109 10.85 11 1.1
  110 10.95 9 0.9
  111 11.05 8 0.8
  112 11.15 5 0.5
  113 11.25 10 1
  114 11.35 8 0.8
  115 11.45 7 0.7
  116 11.55 12 1.2
  117 11.65 11 1.1
  118 11.75 6 0.6
  119 11.85 5 0.5
  120 11.95 7 0.7
  121 12.05 9 0.9
  122 12.15 10 1
  123 12.25 9 0.9
  124 12.35 10 1
  125 12.45 7 0.7
  126 12.55 10 1
  127 12.65 7 0.7
  128 12.75 7 0.7
  129 12.85 6 0.6
  130 12.95 4 0.4
  131 13.05 13 1.3
  132 13.15 14 1.4
  133 13.25 9 0.9
  134 13.35 9 0.9
  135 13.45 4 0.4
  136 13.55 9 0.9
  137 13.65 6 0.6
  138 13.75 6 0.6
  139 13.85 4 0.4
  140 13.95 12 1.2
  141 14.05 12 1.2
  142 14.15 11 1.1
  143 14.25 5 0.5
  144 14.35 9 0.9
  145 14.45 12 1.2
  146 14.55 6 0.6
  147 14.65 6 0.6
  148 14.75 6 0.6
  149 14.85 9 0.9
  150 14.95 11 1.1
  151 15.05 8 0.8
  152 15.15 11 1.1
  153 15.25 5 0.5
  154 15.35 9 0.9
  155 15.45 9 0.9
  156 15.55 7 0.7
  157 15.65 9 0.9
  158 15.75 10 1
  159 15.85 8 0.8
  160 15.95 11 1.1
  161 16.05 6 0.6
  162 16.15 4 0.4
  163 16.25 11 1.1
  164 16.35 5 0.5
  165 16.45 9 0.9
  166 16.55 13 1.3
  167 16.65 9 0.9
  168 16.75 12 1.2
  169 16.85 4 0.4
  170 16.95 10 1
  171 17.05 6 0.6
  172 17.15 10 1
  173 17.25 6 0.6
  174 17.35 12 1.2
  175 17.45 10 1
  176 17.55 11 1.1
  177 17.65 9 0.9
  178 17.75 7 0.7
  179 17.85 9 0.9
  180 17.95 8 0.8
  181 18.05 7 0.7
  182 18.15 10 1
  183 18.25 7 0.7
  184 18.35 5 0.5
  185 18.45 7 0.7
  186 18.55 12 1.2
  187 18.65 6 0.6
  188 18.75 9 0.9
  189 18.85 8 0.8
  190 18.95 6 0.6
  191 19.05 14 1.4
  192 19.15 12 1.2
  193 19.25 6 0.6
  194 19.35 8 0.8
  195 19.45 6 0.6
  196 19.55 7 0.7
  197 19.65 4 0.4
  198 19.75 5 0.5
  199 19.85 15 1.5
  200 19.95 12 1.2
  201 20.05 9 0.9
  202 20.15 8 0.8
  203 20.25 9 0.9
  204 20.35 11 1.1
  205 20.45 7 0.7
  206 20.55 8 0.8
  207 20.65 7 0.7
  208 20.75 9 0.9
  209 20.85 7 0.7
  210 20.95 4 0.4
  211 21.05 14 1.4
  212 21.15 15 1.5
  213 21.25 8 0.8
  214 21.35 5 0.5
  215 21.45 4 0.4
  216 21.55 9 0.9
  217 21.65 10 1
  218 21.75 8 0.8
  219 21.85 7 0.7
  220 21.95 10 1
  221 22.05 7 0.7
  222 22.15 9 0.9
  223 22.25 10 1
  224 22.35 7 0.7
  225 22.45 11 1.1
  226 22.55 4 0.4
  227 22.65 5 0.5
  228 22.75 10 1
  229 22.85 16 1.6
  230 22.95 7 0.7
  231 23.05 9 0.9
  232 23.15 7 0.7
  233 23.25 10 1
  234 23.35 5 0.5
  235 23.45 12 1.2
  236 23.55 8 0.8
  237 23.65 7 0.7
  238 23.75 7 0.7
  239 23.85 7 0.7
  240 23.95 9 0.9
  241 24.05 11 1.1
  242 24.15 11 1.1
  243 24.25 7 0.7
  244 24.35 5 0.5
  245 24.45 9 0.9
  246 24.55 9 0.9
  247 24.65 4 0.4
  248 24.75 10 1
  249 24.85 5 0.5
  250 24.95 11 1.1
  251 25.05 13 1.3
  252 25.15 6 0.6
  253 25.25 6 0.6
  254 25.35 6 0.6
  255 25.45 10 1
  256 25.55 10 1
  257 25.65 10 1
  258 25.75 5 0.5
  259 25.85 10 1
  260 25.95 8 0.8
  261 26.05 11 1.1
  262 26.15 10 1
  263 26.25 6 0.6
  264 26.35 4 0.4
  265 26.45 10 1
  266 26.55 10 1
  267 26.65 9 0.9
  268 26.75 9 0.9
  269 26.85 11 1.1
  270 26.95 7 0.7
  271 27.05 10 1
  272 27.15 7 0.7
  273 27.25 7 0.7
  274 27.35 6 0.6
  275 27.45 6 0.6
  276 27.55 13 1.3
  277 27.65 10 1
  278 27.75 9 0.9
  279 27.85 7 0.7
  280 27.95 10 1
  281 28.05 6 0.6
  282 28.15 9 0.9
  283 28.25 11 1.1
  284 28.35 7 0.7
  285 28.45 6 0.6
  286 28.55 8 0.8
  287 28.65 7 0.7
  288 28.75 12 1.2
  289 28.85 9 0.9
  290 28.95 4 0.4
  291 29.05 8 0.8
  292 29.15 9 0.9
  293 29.25 8 0.8
  294 29.35 8 0.8
  295 29.45 8 0.8
  296 29.55 8 0.8
  297 29.65 11 1.1
  298 29.75 12 1.2
  299 29.85 6 0.6
  300 29.95 9 0.9
13000 300 2532
  1 0.05 8 0.8
  2 0.15 7 0.7
  3 0.25 7 0.7
  4 0.35 11 1.1
  5 0.45 8 0.8
  6 0.55 8 0.8
  7 0.65 11 1.1
  8 0.75 9 0.9
  9 0.85 10 1
  10 0.95 7 0.7
  11 1.05 6 0.6
  12 1.15 5 0.5
  13 1.25 10 1
  14 1.35 10 1
  15 1.45 9 0.9
  16 1.55 11 1.1
  17 1.65 8 0.8
  18 1.75 5 0.5
  19 1.85 9 0.9
  20 1.95 4 0.4
  21 2.05 11 1.1
  22 2.15 11 1.1
  23 2.25 9 0.9
  24 2.35 11 1.1
  25 2.45 6 0.6
  26 2.55 12 1.2
  27 2.65 6 0.6
  28 2.75 3 0.3
  29 2.85 8 0.8
  30 2.95 13 1.3
  31 3.05 10 1
  32 3.15 18 1.8
  33 3.25 4 0.4
  34 3.35 5 0.5
  35 3.45 9 0.9
  36 3.55 4 0.4
  37 3.65 6 0.6
  38 3.75 8 0.8
  39 3.85 7 0.7
  40 3.95 12 1.2
  41 4.05 13 1.3
  42 4.15 8 0.8
  43 4.25 8 0.8
  44 4.35 8 0.8
  45 4.45 3 0.3
  46 4.55 9 0.9
  47 4.65 7 0.7
  48 4.75 10 1
  49 4.85 8 0.8
  50 4.95 13 1.3
  51 5.05 10 1
  52 5.15 8 0.8
  53 5.25 8 0.8
  54 5.35 6 0.6
  55 5.45 10 1
  56 5.55 4 0.4
  57 5.65 10 1
  58 5.75 5 0.5
  59 5.85 13 1.3
  60 5.95 9 0.9
  61 6.05 14 1.4
  62 6.15 7 0.7
  63 6.25 6 0.6
  64 6.35 2 0.2
  65 6.45 10 1
  66 6.55 7 0.7
  67 6.65 12 1.2
  68 6.75 13 1.3
  69 6.85 9 0.9
  70 6.95 12 1.2
  71 7.05 8 0.8
  72 7.15 4 0.4
  73 7.25 4 0.4
  74 7.35 3 0.3
  75 7.45 13 1.3
  76 7.55 11 1.1
  77 7.65 11 1.1
  78 7.75 12 1.2
  79 7.85 7 0.7
  80 7.95 9 0.9
  81 8.05 8 0.8
  82 8.15 6 0.6
  83 8.25 6 0.6
  84 8.35 15 1.5
  85 8.45 10 1
  86 8.55 6 0.6
  87 8.65 10 1
  88 8.75 8 0.8
  89 8.85 10 1
  90 8.95 8 0.8
  91 9.05 7 0.7
  92 9.15 6 0.6
  93 9.25 11 1.1
  94 9.35 8 0.8
  95 9.45 9 0.9
  96 9.55 10 1
  97 9.65 8 0.8
  98 9.75 11 1.1
  99 9.85 9 0.9
  100 9.95 4 0.4
  101 10.05 7 0.7
  102 10.15 5 0.5
  103 10.25 15 1.5
  104 10.35 8 0.8
  105 10.45 8 0.8
  106 10.55 9 0.9
  107 10.65 10 1
  108 10.75 5 0.5
  109 10.85 11 1.1
  110 10.95 9 0.9
  111 11.05 8 0.8
  112 11.15 5 0.5
  113 11.25 10 1
  114 11.35 8 0.8
  115 11.45 7 0.7
  116 11.55 12 1.2
  117 11.65 11 1.1
  118 11.75 6 0.6
  119 11.85 5 0.5
  120 11.95 7 0.7
  121 12.05 9 0.9
  122 12.15 10 1
  123 12.25 9 0.9
  124 12.35 10 1
  125 12.45 7 0.7
  126 12.55 10 1
  127 12.65 7 0.7
  128 12.75 7 0.7
  129 12.85 6 0.6
  130 12.95 4 0.4
  131 13.05 13 1.3
  132 13.15 14 1.4
  133 13.25 9 0.9
  134 13.35 9 0.9
  135 13.45 4 0.4
  136 13.55 9 0.9
  137 13.65 6 0.6
  138 13.75 6 0.6
  139 13.85 4 0.4
  140 13.95 12 1.2
  141 14.05 12 1.2
  142 14.15 11 1.1
  143 14.25 5 0.5
  144 14.35 9 0.9
  145 14.45 12 1.2
  146 14.55 6 0.6
  147 14.65 6 0.6
  148 14.75 6 0.6
  149 14.85 9 0.9
  150 14.95 11 1.1
  151 15.05 8 0.8
  152 15.15 11 1.1
  153 15.25 5 0.5
  154 15.35 9 0.9
  155 15.45 9 0.9
  156 15.55 7 0.7
  157 15.65 9 0.9
  158 15.75 10 1
  159 15.85 8 0.8
  160 15.95 11 1.1
  161 16.05 6 0.6
  162 16.15 4 0.4
  163 16.25 11 1.1
  164 16.35 5 0.5
  165 16.45 9 0.9
  166 16.55 13 1.3
  167 16.65 9 0.9
  168 16.75 12 1.2
  169 16.85 4 0.4
  170 16.95 10 1
  171 17.05 6 0.6
  172 17.15 10 1
  173 17.25 6 0.6
  174 17.35 12 1.2
  175 17.45 10 1
  176 17.55 11 1.1
  177 17.65 9 0.9
  178 17.75 7 0.7
  179 17.85 9 0.9
  180 17.95 8 0.8
  181 18.05 7 0.7
  182 18.15 10 1
  183 18.25 7 0.7
  184 18.35 5 0.5
  185 18.45 7 0.7
  186 18.55 12 1.2
  187 18.65 6 0.6
  188 18.75 9 0.9
  189 18.85 8 0.8
  190 18.95 6 0.6
  191 19.05 14 1.4
  192 19.15 12 1.2
  193 19.25 6 0.6
  194 19.35 8 0.8
  195 19.45 6 0.6
  196 19.55 7 0.7
  197 19.65 4 0.4
  198 19.75 5 0.5
  199 19.85 15 1.5
  200 19.95 12 1.2
  201 20.05 9 0.9
  202 20.15 8 0.8
  203 20.25 9 0.9
  204 20.35 11 1.1
  205 20.45 7 0.7
  206 20.55 8 0.8
  207 20.65 7 0.7
  208 20.75 9 0.9
  209 20.85 7 0.7
  210 20.95 4 0.4
  211 21.05 14 1.4
  212 21.15 15 1.5
  213 21.25 8 0.8
  214 21.35 5 0.5
  215 21.45 4 0.4
  216 21.55 9 0.9
  217 21.65 10 1
  218 21.75 8 0.8
  219 21.85 7 0.7
  220 21.95 10 1
  221 22.05 7 0.7
  222 22.15 9 0.9
  223 22.25 10 1
  224 22.35 7 0.7
  225 22.45 11 1.1
  226 22.55 4 0.4
  227 22.65 5 0.5
  228 22.75 10 1
  229 22.85 16 1.6
  230 22.95 7 0.7
  231 23.05 9 0.9
  232 23.15 7 0.7
  233 23.25 10 1
  234 23.35 5 0.5
  235 23.45 12 1.2
  236 23.55 8 0.8
  237 23.65 7 0.7
  238 23.75 7 0.7
  239 23.85 7 0.7
  240 23.95 9 0.9
  241 24.05 11 1.1
  242 24.15 11 1.1
  243 24.25 7 0.7
  244 24.35 5 0.5
  245 24.45 9 0.9
  246 24.55 9 0.9
  247 24.65 4 0.4
  248 24.75 10 1
  249 24.85 5 0.5
  250 24.95 11 1.1
  251 25.05 13 1.3
  252 25.15 6 0.6
  253 25.25 6 0.6
  254 25.35 6 0.6
  255 25.45 10 1
  256 25.55 10 1
  257 25.65 10 1
  258 25.75 5 0.5
  259 25.85 10 1
  260 25.95 8 0.8
  261 26.05 11 1.1
  262 26.15 10 1
  263 26.25 6 0.6
  264 26.35 4 0.4
  265 26.45 10 1
  266 26.55 10 1
  267 26.65 9 0.9
  268 26.75 9 0.9
  269 26.85 11 1.1
  270 26.95 7 0.7
  271 27.05 10 1
  272 27.15 7 0.7
  273 27.25 7 0.7
  274 27.35 6 0.6
  275 27.45 6 0.6
  276 27.55 13 1.3
  277 27.65 10 1
  278 27.75 9 0.9
  279 27.85 7 0.7
  280 27.95 10 1
  281 28.05 6 0.6
  282 28.15 9 0.9
  283 28.25 11 1.1
  284 28.35 7 0.7
  285 28.45 6 0.6
  286 28.55 8 0.8
  287 28.65 7 0.7
  288 28.75 12 1.2
  289 28.85 9 0.9
  290 28.95 4 0.4
  291 29.05 8 0.8
  292 29.15 9 0.9
  293 29.25 8 0.8
  294 29.35 8 0.8
  295 29.45 8 0.8
  296 29.55 8 0.8
  297 29.65 11 1.1
  298 29.75 12 1.2
  299 29.85 6 0.6
  300 29.95 9 0.9
14000 300 2532
  1 0.05 8 0.8
  2 0.15 7 0.7
  3 0.25 7 0.7
  4 0.35 11 1.1
  5 0.45 8 0.8
  6 0.55 8 0.8
  7 0.65 11 1.1
  8 0.75 9 0.9
  9 0.85 10 1
  10 0.95 7 0.7
  11 1.05 6 0.6
  12 1.15 5 0.5
  13 1.25 10 1
  14 1.35 10 1
  15 1.45 9 0.9
  16 1.55 11 1.1
  17 1.65 8 0.8
  18 1.75 5 0.5
  19 1.85 9 0.9
  20 1.95 4 0.4
  21 2.05 11 1.1
  22 2.15 11 1.1
  23 2.25 9 0.9
  24 2.35 11 1.1
  25 2.45 6 0.6
  26 2.55 12 1.2
  27 2.65 6 0.6
  28 2.75 3 0.3
  29 2.85 8 0.8
  30 2.95 13 1.3
  31 3.05 10 1
  32 3.15 18 1.8
  33 3.25 4 0.4
  34 3.35 5 0.5
  35 3.45 9 0.9
  36 3.55 4 0.4
  37 3.65 6 0.6
  38 3.75 8 0.8
  39 3.85 7 0.7
  40 3.95 12 1.2
  41 4.05 13 1.3
  42 4.15 8 0.8
  43 4.25 8 0.8
  44 4.35 8 0.8
  45 4.45 3 0.3
  46 4.55 9 0.9
  47 4.65 7 0.7
  48 4.75 10 1
  49 4.85 8 0.8
  50 4.95 13 1.3
  51 5.05 10 1
  52 5.15 8 0.8
  53 5.25 8 0.8
  54 5.35 6 0.6
  55 5.45 10 1
  56 5.55 4 0.4
  57 5.65 10 1
  58 5.75 5 0.5
  59 5.85 13 1.3
  60 5.95 9 0.9
  61 6.05 14 1.4
  62 6.15 7 0.7
  63 6.25 6 0.6
  64 6.35 2 0.2
  65 6.45 10 1
  66 6.55 7 0.7
  67 6.65 12 1.2
  68 6.75 13 1.3
  69 6.85 9 0.9
  70 6.95 12 1.2
  71 7.05 8 0.8
  72 7.15 4 0.4
  73 7.25 4 0.4
  74 7.35 3 0.3
  75 7.45 13 1.3
  76 7.55 11 1.1
  77 7.65 11 1.1
  78 7.75 12 1.2
  79 7.85 7 0.7
  80 7.95 9 0.9
  81 8.05 8 0.8
  82 8.15 6 0.6
  83 8.25 6 0.6
  84 8.35 15 1.5
  85 8.45 10 1
  86 8.55 6 0.6
  87 8.65 10 1
  88 8.75 8 0.8
  89 8.85 10 1
  90 8.95 8 0.8
  91 9.05 7 0.7
  92 9.15 6 0.6
  93 9.25 11 1.1
  94 9.35 8 0.8
  95 9.45 9 0.9
  96 9.55 10 1
  97 9.65 8 0.8
  98 9.75 11 1.1
  99 9.85 9 0.9
  100 9.95 4 0.4
  101 10.05 7 0.7
  102 10.15 5 0.5
  103 10.25 15 1.5
  104 10.35 8 0.8
  105 10.45 8 0.8
  106 10.55 9 0.9
  107 10.65 10 1
  108 10.75 5 0.5
  109 10.85 11 1.1
  110 10.95 9 0.9
  111 11.05 8 0.8
  112 11.15 5 0.5
  113 11.25 10 1
  114 11.35 8 0.8
  115 11.45 7 0.7
  116 11.55 12 1.2
  117 11.65 11 1.1
  118 11.75 6 0.6
  119 11.85 5 0.5
  120 11.95 7 0.7
  121 12.05 9 0.9
  122 12.15 10 1
  123 12.25 9 0.9
  124 12.35 10 1
  125 12.45 7 0.7
  126 12.55 10 1
  127 12.65 7 0.7
  128 12.75 7 0.7
  129 12.85 6 0.6
  130 12.95 4 0.4
  131 13.05 13 1.3
  132 13.15 14 1.4
  133 13.25 9 0.9
  134 13.35 9 0.9
  135 13.45 4 0.4
  136 13.55 9 0.9
  137 13.65 6 0.6
  138 13.75 6 0.6
  139 13.85 4 0.4
  140 13.95 12 1.2
  141 14.05 12 1.2
  142 14.15 11 1.1
  143 14.25 5 0.5
  144 14.35 9 0.9
  145 14.45 12 1.2
  146 14.55 6 0.6
  147 14.65 6 0.6
  148 14.75 6 0.6
  149 14.85 9 0.9
  150 14.95 11 1.1
  151 15.05 8 0.8
  152 15.15 11 1.1
  153 15.25 5 0.5
  154 15.35 9 0.9
  155 15.45 9 0.9
  156 15.55 7 0.7
  157 15.65 9 0.9
  158 15.75 10 1
  159 15.85 8 0.8
  160 15.95 11 1.1
  161 16.05 6 0.6
  162 16.15 4 0.4
  163 16.25 11 1.1
  164 16.35 5 0.5
  165 16.45 9 0.9
  166 16.55 13 1.3
  167 16.65 9 0.9
  168 16.75 12 1.2
  169 16.85 4 0.4
  170 16.95 10 1
  171 17.05 6 0.6
  172 17.15 10 1
  173 17.25 6 0.6
  174 17.35 12 1.2
  175 17.45 10 1
  176 17.55 11 1.1
  177 17.65 9 0.9
  178 17.75 7 0.7
  179 17.85 9 0.9
  180 17.95 8 0.8
  181 18.05 7 0.7
  182 18.15 10 1
  183 18.25 7 0.7
  184 18.35 5 0.5
  185 18.45 7 0.7
  186 18.55 12 1.2
  187 18.65 6 0.6
  188 18.75 9 0.9
  189 18.85 8 0.8
  190 18.95 6 0.6
  191 19.05 14 1.4
  192 19.15 12 1.2
  193 19.25 6 0.6
  194 19.35 8 0.8
  195 19.45 6 0.6
  196 19.55 7 0.7
  197 19.65 4 0.4
  198 19.75 5 0.5
  199 19.85 15 1.5
  200 19.95 12 1.2
  201 20.05 9 0.9
  202 20.15 8 0.8
  203 20.25 9 0.9
  204 20.35 11 1.1
  205 20.45 7 0.7
  206 20.55 8 0.8
  207 20.65 7 0.7
  208 20.75 9 0.9
  209 20.85 7 0.7
  210 20.95 4 0.4
  211 21.05 14 1.4
  212 21.15 15 1.5
  213 21.25 8 0.8
  214 21.35 5 0.5
  215 21.45 4 0.4
  216 21.55 9 0.9
  217 21.65 10 1
  218 21.75 8 0.8
  219 21.85 7 0.7
  220 21.95 10 1
  221 22.05 7 0.7
  222 22.15 9 0.9
  223 22.25 10 1
  224 22.35 7 0.7
  225 22.45 11 1.1
  226 22.55 4 0.4
  227 22.65 5 0.5
  228 22.75 10 1
  229 22.85 16 1.6
  230 22.95 7 0.7
  231 23.05 9 0.9
  232 23.15 7 0.7
  233 23.25 10 1
  234 23.35 5 0.5
  235 23.45 12 1.2
  236 23.55 8 0.8
  237 23.65 7 0.7
  238 23.75 7 0.7
  239 23.85 7 0.7
  240 23.95 9 0.9
  241 24.05 11 1.1
  242 24.15 11 1.1
  243 24.25 7 0.7
  244 24.35 5 0.5
  245 24.45 9 0.9
  246 24.55 9 0.9
  247 24.65 4 0.4
  248 24.75 10 1
  249 24.85 5 0.5
  250 24.95 11 1.1
  251 25.05 13 1.3
  252 25.15 6 0.6
  253 25.25 6 0.6
  254 25.35 6 0.6
  255 25.45 10 1
  256 25.55 10 1
  257 25.65 10 1
  258 25.75 5 0.5
  259 25.85 10 1
  260 25.95 8 0.8
  261 26.05 11 1.1
  262 26.15 10 1
  263 26.25 6 0.6
  264 26.35 4 0.4
  265 26.45 10 1
  266 26.55 10 1
  267 26.65 9 0.9
  268 26.75 9 0.9
  269 26.85 11 1.1
  270 26.95 7 0.7
  271 27.05 10 1
  272 27.15 7 0.7
  273 27.25 7 0.7
  274 27.35 6 0.6
  275 27.45 6 0.6
  276 27.55 13 1.3
  277 27.65 10 1
  278 27.75 9 0.9
  279 27.85 7 0.7
  280 27.95 10 1
  281 28.05 6 0.6
  282 28.15 9 0.9
  283 28.25 11 1.1
  284 28.35 7 0.7
  285 28.45 6 0.6
  286 28.55 8 0.8
  287 28.65 7 0.7
  288 28.75 12 1.2
  289 28.85 9 0.9
  290 28.95 4 0.4
  291 29.05 8 0.8
  292 29.15 9 0.9
  293 29.25 8 0.8
  294 29.35 8 0.8
  295 29.45 8 0.8
  296 29.55 8 0.8
  297 29.65 11 1.1
  298 29.75 12 1.2
  299 29.85 6 0.6
  300 29.95 9 0.9
15000 300 2532
  1 0.05 8 0.8
  2 0.15 7 0.7
  3 0.25 7 0.7
  4 0.35 11 1.1
  5 0.45 8 0.8
  6 0.55 8 0.8
  7 0.65 11 1.1
  8 0.75 9 0.9
  9 0.85 10 1
  10 0.95 7 0.7
  11 1.05 6 0.6
  12 1.15 5 0.5
  13 1.25 10 1
  14 1.35 10 1
  15 1.45 9 0.9
  16 1.55 11 1.1
  17 1.65 8 0.8
  18 1.75 5 0.5
  19 1.85 9 0.9
  20 1.95 4 0.4
  21 2.05 11 1.1
  22 2.15 11 1.1
  23 2.25 9 0.9
  24 2.35 11 1.1
  25 2.45 6 0.6
  26 2.55 12 1.2
  27 2.65 6 0.6
  28 2.75 3 0.3
  29 2.85 8 0.8
  30 2.95 13 1.3
  31 3.05 10 1
  32 3.15 18 1.8
  33 3.25 4 0.4
  34 3.35 5 0.5
  35 3.45 9 0.9
  36 3.55 4 0.4
  37 3.65 6 0.6
  38 3.75 8 0.8
  39 3.85 7 0.7
  40 3.95 12 1.2
  41 4.05 13 1.3
  42 4.15 8 0.8
  43 4.25 8 0.8
  44 4.35 8 0.8
  45 4.45 3 0.3
  46 4.55 9 0.9
  47 4.65 7 0.7
  48 4.75 10 1
  49 4.85 8 0.8
  50 4.95 13 1.3
  51 5.05 10 1
  52 5.15 8 0.8
  53 5.25 8 0.8
  54 5.35 6 0.6
  55 5.45 10 1
  56 5.55 4 0.4
  57 5.65 10 1
  58 5.75 5 0.5
  59 5.85 13 1.3
  60 5.95 9 0.9
  61 6.05 14 1.4
  62 6.15 7 0.7
  63 6.25 6 0.6
  64 6.35 2 0.2
  65 6.45 10 1
  66 6.55 7 0.7
  67 6.65 12 1.2
  68 6.75 13 1.3
  69 6.85 9 0.9
  70 6.95 12 1.2
  71 7.05 8 0.8
  72 7.15 4 0.4
  73 7.25 4 0.4
  74 7.35 3 0.3
  75 7.45 13 1.3
  76 7.55 11 1.1
  77 7.65 11 1.1
  78 7.75 12 1.2
  79 7.85 7 0.7
  80 7.95 9 0.9
  81 8.05 8 0.8
  82 8.15 6 0.6
  83 8.25 6 0.6
  84 8.35 15 1.5
  85 8.45 10 1
  86 8.55 6 0.6
  87 8.65 10 1
  88 8.75 8 0.8
  89 8.85 10 1
  90 8.95 8 0.8
  91 9.05 7 0.7
  92 9.15 6 0.6
  93 9.25 11 1.1
  94 9.35 8 0.8
  95 9.45 9 0.9
  96 9.55 10 1
  97 9.65 8 0.8
  98 9.75 11 1.1
  99 9.85 9 0.9
  100 9.95 4 0.4
  101 10.05 7 0.7
  102 10.15 5 0.5
  103 10.25 15 1.5
  104 10.35 8 0.8
  105 10.45 8 0.8
  106 10.55 9 0.9
  107 10.65 10 1
  108 10.75 5 0.5
  109 10.85 11 1.1
  110 10.95 9 0.9
  111 11.05 8 0.8
  112 11.15 5 0.5
  113 11.25 10 1
  114 11.35 8 0.8
  115 11.45 7 0.7
  116 11.55 12 1.2
  117 11.65 11 1.1
  118 11.75 6 0.6
  119 11.85 5 0.5
  120 11.95 7 0.7
  121 12.05 9 0.9
  122 12.15 10 1
  123 12.25 9 0.9
  124 12.35 10 1
  125 12.45 7 0.7
  126 12.55 10 1
  127 12.65 7 0.7
  128 12.75 7 0.7
  129 12.85 6 0.6
  130 12.95 4 0.4
  131 13.05 13 1.3
  132 13.15 14 1.4
  133 13.25 9 0.9
  134 13.35 9 0.9
  135 13.45 4 0.4
  136 13.55 9 0.9
  137 13.65 6 0.6
  138 13.75 6 0.6
  139 13.85 4 0.4
  140 13.95 12 1.2
  141 14.05 12 1.2
  142 14.15 11 1.1
  143 14.25 5 0.5
  144 14.35 9 0.9
  145 14.45 12 1.2
  146 14.55 6 0.6
  147 14.65 6 0.6
  148 14.75 6 0.6
  149 14.85 9 0.9
  150 14.95 11 1.1
  151 15.05 8 0.8
  152 15.15 11 1.1
  153 15.25 5 0.5
  154 15.35 9 0.9
  155 15.45 9 0.9
  156 15.55 7 0.7
  157 15.65 9 0.9
  158 15.75 10 1
  159 15.85 8 0.8
  160 15.95 11 1.1
  161 16.05 6 0.6
  162 16.15 4 0.4
  163 16.25 11 1.1
  164 16.35 5 0.5
  165 16.45 9 0.9
  166 16.55 13 1.3
  167 16.65 9 0.9
  168 16.75 12 1.2
  169 16.85 4 0.4
  170 16.95 10 1
  171 17.05 6 0.6
  172 17.15 10 1
  173 17.25 6 0.6
  174 17.35 12 1.2
  175 17.45 10 1
  176 17.55 11 1.1
  177 17.65 9 0.9
  178 17.75 7 0.7
  179 17.85 9 0.9
  180 17.95 8 0.8
  181 18.05 7 0.7
  182 18.15 10 1
  183 18.25 7 0.7
  184 18.35 5 0.5
  185 18.45 7 0.7
  186 18.55 12 1.2
  187 18.65 6 0.6
  188 18.75 9 0.9
  189 18.85 8 0.8
  190 18.95 6 0.6
  191 19.05 14 1.4
  192 19.15 12 1.2
  193 19.25 6 0.6
  194 19.35 8 0.8
  195 19.45 6 0.6
  196 19.55 7 0.7
  197 19.65 4 0.4
  198 19.75 5 0.5
  199 19.85 15 1.5
  200 19.95 12 1.2
  201 20.05 9 0.9
  202 20.15 8 0.8
  203 20.25 9 0.9
  204 20.35 11 1.1
  205 20.45 7 0.7
  206 20.55 8 0.8
  207 20.65 7 0.7
  208 20.75 9 0.9
  209 20.85 7 0.7
  210 20.95 4 0.4
  211 21.05 14 1.4
  212 21.15 15 1.5
  213 21.25 8 0.8
  214 21.35 5 0.5
  215 21.45 4 0.4
  216 21.55 9 0.9
  217 21.65 10 1
  218 21.75 8 0.8
  219 21.85 7 0.7
  220 21.95 10 1
  221 22.05 7 0.7
  222 22.15 9 0.9
  223 22.25 10 1
  224 22.35 7 0.7
  225 22.45 11 1.1
  226 22.55 4 0.4
  227 22.65 5 0.5
  228 22.75 10 1
  229 22.85 16 1.6
  230 22.95 7 0.7
  231 23.05 9 0.9
  232 23.15 7 0.7
  233 23.25 10 1
  234 23.35 5 0.5
  235 23.45 12 1.2
  236 23.55 8 0.8
  237 23.65 7 0.7
  238 23.75 7 0.7
  239 23.85 7 0.7
  240 23.95 9 0.9
  241 24.05 11 1.1
  242 24.15 11 1.1
  243 24.25 7 0.7
  244 24.35 5 0.5
  245 24.45 9 0.9
  246 24.55 9 0.9
  247 24.65 4 0.4
  248 24.75 10 1
  249 24.85 5 0.5
  250 24.95 11 1.1
  251 25.05 13 1.3
  252 25.15 6 0.6
  253 25.25 6 0.6
  254 25.35 6 0.6
  255 25.45 10 1
  256 25.55 10 1
  257 25.65 10 1
  258 25.75 5 0.5
  259 25.85 10 1
  260 25.95 8 0.8
  261 26.05 11 1.1
  262 26.15 10 1
  263 26.25 6 0.6
  264 26.35 4 0.4
  265 26.45 10 1
  266 26.55 10 1
  267 26.65 9 0.9
  268 26.75 9 0.9
  269 26.85 11 1.1
  270 26.95 7 0.7
  271 27.05 10 1
  272 27.15 7 0.7
  273 27.25 7 0.7
  274 27.35 6 0.6
  275 27.45 6 0.6
  276 27.55 13 1.3
  277 27.65 10 1
  278 27.75 9 0.9
  279 27.85 7 0.7
  280 27.95 10 1
  281 28.05 6 0.6
  282 28.15 9 0.9
  283 28.25 11 1.1
  284 28.35 7 0.7
  285 28.45 6 0.6
  286 28.55 8 0.8
  287 28.65 7 0.7
  288 28.75 12 1.2
  289 28.85 9 0.9
  290 28.95 4 0.4
  291 29.05 8 0.8
  292 29.15 9 0.9
  293 29.25 8 0.8
  294 29.35 8 0.8
  295 29.45 8 0.8
  296 29.55 8 0.8
  297 29.65 11 1.1
  298 29.75 12 1.2
  299 29.85 6 0.6
  300 29.95 9 0.9
